63
66
65
64
6
7
1 2 3
Queen’sT
ower
RoomsQTR
SherfieldSF
CarParkCP
7
17
16
3 4 5
Queen’sLawn QL
14
13
61
60
59
62
57
56
55
58
51
54
53
52
68
27
30
29
28
31
25
24
23
26
21
20
19
22
16
18
17
43
46
45
44
39
42
41
40
34
37
36
35
38
47
49
48
3
2
1
4
7
6
5
8
9
12
11
10
13
14
15
6
8
10
1 2
32
33
69
9
11
12
18
15
10
8
6
7
5
3
4
2
1
21
9
50
BBQ
22
25
24
20
19
70
GreatHallGH
4
5
6
8
9
10
14
15
19
20
17
18
22
23
24
25
29
30
27
28
32
33
1
2
3
11
12
13
34
35
36
38
39
40
7
37
16
21
26
31
JuniorCommonRoomJCR
17 16 14 13
4 5 7 8
15
18
3
12
9
11
1
6
2
10
23 24 26 27
25
22 28
20 21
19
30
29
share freshers’ fair
YOUR
23

