151
157
185
279
429
440
441
442
443
444
445
446
447
448
449
450
451
452
453
454
455
456
457
458
459
460
461
462
463
464
465
466
467
468
469
470
471
472
473
474
475
476
477
478
479
480
481
482
483
484
485
486
487
488
489
490
491
492
493
494
495
496
497
498
499
500
501
502
503
634
727
818
840
1027
1162
1163
1164
1165
1167
1168
1169
1170
1171
1172
1174
1175
1176
1177
1178
1179
1180
1181
1182
1183
1184
1185
1186
1187
1188
1189
1190
1192
1193
1194
1197
1198
1199
1200
1201
1202
1203
1204
1205
1206
1207
1208
1209
1210
1212
1213
1214
1215
1216
1217
1218
1219
1220
1221
1222
1234
1252
1253
1254
1255
1256
1257
1258
1259
1260
1261
1262
1263
1264
1265
1266
1267
1268
1269
1270
1271
1272
1273
1274
1275
1276
1277
1278
1279
1280
1281
1282
1283
1284
1285
1286
1287
1288
1289
1290
1291
1292
1293
1294
1295
1296
1297
1298
1330
1331
1337
1338
1341
1342
1343
1344
1345
1346
1347
1348
1349
1350
1351
1353
1355
1356
1452
1469
1577
1622
1640
1641
1642
