63
66
65
64
6
7
1 2 3
12
13
12
4 3 2
10
9
61
60
59
62
57
56
55
58
51
54
53
52
68
27
30
29
28
31
25
24
23
26
21
20
19
22
16
18
17
43
46
45
44
39
42
41
40
34
37
36
35
38
47
49
48
3
2
1
4
7
6
5
8
9
12
11
10
13
14
15
1
11
9
6 5
32
33
69
5
7
8
14
11
6
4
2
3
1
10
50
BBQ
16
70
7
6
5
3
2
1 4
51
50
49
47
46
45 48
24 23 21 20
12 13 15 16
22
25
11
19
17
26
14
18
5 6 8 9
7
4 10
2 3
1
Queen’sT
owerRoomsQTR
Queen’sLawnQL
CarParkCP
JuniorCommonRoomJCR
SherfieldSF
GreatHallGH
7
8
15
30
31
32
33
26
27
28
29
22
23
24
25
18
19
20
21
17
37
36
35
34
25
24
31
30
22
21
28
27
23
29 32
26
12
11
19
18
9
8
16
15
10
17 20
13 14
37
36
43
42
34
33
40
39
35
41 44
38
38
39

