Freshers’ Fair 2009
Freshers’ Fair 2009
Freshers’ Fair 2009
67
70
69
68
71
15
10
11
12
14
13
16
17
1 2 3
Queen’sLawnQL
T
ower
RoomsTR
SherfieldSF
CarParkCP
Great Hall
7
4
3
Queen’s Tower
18
26
21
22
23
25
24
27
28
29
36
41
40
39
37
38
35
34
33
49
44
45
46
48
47
50
51
52
64
65
6
9
8
7
2
1
55
3 4
3 4 5
19
30
42
53
43
54
Queen’sLawnT
erraceQLT
2
1
Stage
62
65
64
63
66
57
60
59
58
61
53
56
55
54
72
29
32
31
30
33
24
27
26
25
28
19
22
21
20
23
16
18
17
45
48
47
46
49
40
43
42
41
44
35
38
37
36
39
50
52
51
3
2
1
4
7
6
5
8
9
12
11
10
13
14
15
5
20
31
32
63
62
61
57
58
60
59
56
34
1
2 6
8
11 10 9
74
73
UpperDalbyCourtUDC
1
2
3
4
46
9 10
SirAlexanderFleming
Building SAF
4 3 2
9
10 11 12
BeitQuad BQ
The Queen’s Lawn
Prince Consort Road
Union Building
Queen’s Lawn
Sherfield Walkway
5
6
7
13 14 15
5
6
7
8
1 2 3 4 5 6 7 8 9 10 11 12
23 24
13 14 15 16 17 18 19 20 21 22
25 26 27 28 29 30 31 32 33 34 35 36
45 46 47 48
37 38 39 40 41 42 43 44
21 20
imperialcollegeunion.org
16
17
18
19
8
1
11 12 13 14 15
31 32 33 34 35
23 22 21
16 17 18
BBQ
49 50 51 52 53 54 55 56 57 58 59 60
45
30 29 28
24 25 26
27
40
41
42
43
44
38
39
36
37
20
19
61

