2 1
1
1
3
9
10
8
4
5
12
14
13
6
7
8
5
6
2
3
4
1
5
4
3
2
1
36 35
16
12
10
9
11
24
20
18
17
19
26
25
27
72
63
54
36
45
18
9
1 2 3
Queen’sLawnQL
AnteRoomAR
MainDining
HallMDH
SherfieldSF
CarParkCP
7
Great Hall
22
21
23
14
13
15
32
33
34
31
28
29
30
27
26
71
62
53
35
44
17
8
25
70
61
52
34
43
16
7
24
69
60
51
33
42
15
6
23
68
59
50
32
41
14
5
22
67
58
49
31
40
13
4
21
66
57
48
30
39
12
3
20
65
56
47
29
38
11
2
19
64
55
46
28
37
10
1
6
Imperial College Union
73
74
78
77
79
76
80
83
82
81
8
84
85
86
75
87 88 89
90
91
7
94
95
96
92
93
Queen’s Tower

